_life_span = 10.000000;
_render_type = 0;
_speed_x = 0.000000;
_speed_y = 0.000000;
_speed_z = 0.000000;
_start_width = 2.000000;
_end_width = 2.000000;
_start_height = 3.000000;
_end_height = 4.000000;
_rand_factor = 0.000000;
_start_color = daff;
_end_color = baff;
_spread_angle = 0.000000;
_tex_file = particle.tga;
_multi_tex = 0;
_cycles = 0;
_em_type = 0;
_em_dx_box = 0.000000;
_em_dy_box = 0.000000;
_em_dz_box = 0.000000;
_fixed_pps = 1;
_gravity_sensitivity = 0.100000;
_speed_decay = 0.000000;
_fade_in_time = 0.300000;
_fade_out_time = 0.200000;
_directed = 0;
_stretch_time = 0.000000;
_start_speed_randomness = 0.000000;
_size_decay = 0.000000;
_color_decay = 0.000000;
_multi_static = 1;
_emitter_posx = 0.000000;
_emitter_posy = 50.000000;
_emitter_posz = 0.000000;
_start_angle_spread = 0.000000;
_rotation_speed_spread = 0.000000;
_rotation_speed = 0.000000;
