_life_span = 1.000000;
_render_type = 0;
_speed_x = 0.000000;
_speed_y = 100.000000;
_speed_z = 0.000000;
_start_width = 100.000000;
_end_width = 200.000000;
_start_height = 100.000000;
_end_height = 200.000000;
_rand_factor = 0.000000;
_start_color = ff202020;
_end_color = ffa32c2c;
_spread_angle = 90.000000;
_tex_file = Mina_Smoke_02.tga;
_multi_tex = 16;
_cycles = 1;
_em_type = 0;
_em_dx_box = 600.000000;
_em_dy_box = 600.000000;
_em_dz_box = 600.000000;
_fixed_pps = 10;
_gravity_sensitivity = 0.100000;
_speed_decay = 3.000000;
_fade_in_time = 0.000000;
_fade_out_time = 0.300000;
_directed = 0;
_stretch_time = 0.000000;
