_life_span = 1.000000;
_render_type = 2;
_speed_x = 0.000000;
_speed_y = 1500.000000;
_speed_z = 0.000000;
_start_width = 50.000000;
_end_width = 70.000000;
_start_height = 50.000000;
_end_height = 70.000000;
_rand_factor = 0.000000;
_start_color = 808080;
_end_color = ff808080;
_spread_angle = 120.000000;
_tex_file = Mina_Smoke_01.tga;
_multi_tex = 16;
_cycles = 1;
_em_type = 0;
_em_dx_box = 600.000000;
_em_dy_box = 600.000000;
_em_dz_box = 600.000000;
_fixed_pps = 100;
_gravity_sensitivity = 0.000000;
_speed_decay = 0.400000;
_fade_in_time = 0.000000;
_fade_out_time = 0.500000;
_directed = 0;
_stretch_time = 0.000000;
