_life_span = 1.000000;
_render_type = 0;
_speed_x = 0.000000;
_speed_y = 40.000000;
_speed_z = 0.000000;
_start_width = 10.000000;
_end_width = 120.000000;
_start_height = 10.000000;
_end_height = 120.000000;
_rand_factor = 0.200000;
_start_color = 9ab5ff;
_end_color = 989e9e;
_spread_angle = 10.000000;
_tex_file = phaser_strip.bmp;
_multi_tex = 16;
_cycles = 1;
_em_type = 0;
_em_dx_box = 10.000000;
_em_dy_box = 10.000000;
_em_dz_box = 10.000000;
_fixed_pps = 6;
_gravity_sensitivity = 0.000000;
_speed_decay = 0.000000;
_fade_in_time = 0.000000;
_fade_out_time = 0.800000;
_directed = 0;
_stretch_time = 0.000000;
